49634
49633
49632
49631
49630
49629
49628
49627
49626
49625
49624
49623
49622
49621
49620
49619
49618
49617
49616
49615
49614
49613
49612
49609
49608
49605
49604
49603
49602
49601
49597
49596
49595
49594
49593
49592
49591
49589
49588
49587
49586
49583
49582
49581
49580
49579
49578
49577
49576
49575
49574
49573
49572
49571
49570
49569
49568
49567
49564
49562
49561
49560
49559
49558
49557
49555
49554
49553
49552
49551
49550
49549
49548
49547
49546
49545
49544
49543
49542
49541
49540
49539
49538
49537
49536
49535
49534
49532
49531
49530
49529
49528
49527
49526
49525
49524
49523
49522
49521
49520
49519
49518
49517
49516
49515
49514
49510
49509
49508
49507
49506
49505
49504
49503
49502
49501
49500
49499
49498
49496
49495
49494
49493
49489
49488
49487
49486
49485
49484
49483
49482
49481
49480
49479
49477
49476
49475
49474
49473
49472
49471
49470
49469
49468
49467
49465
49464
49463
49462
49461
49460
49459
49458
49457
49456
49455
49454
49453
49452
49451
49450
49449
49448
49446
49445
49444
49443
49442
49441
49440
49439
49438
49437
49436
49435
49434
49433
49432
49431
49430
49429
49428
49427
49426
49425
49424
49421
49420
49417
49416
49414
49413
49411
49410
49409
49408
49407
49406
49405
49404
49403
49402
49400
49399
49398
49397
49396
49395
49394
49393
49392
49391
49390
49389
49388
49387
49386
49385
49382
49381
49380
49379
49378
49377
49376
49375
49374
49372
49370
49366
49365
49364
49363
49362
49361
49360
49359
49353
49352
49351
49350
49349
49348
49347
49346
49345
49344
49341
49340
49338
49337
49336
49335
49334
49333
49332
49331
49330
49329
49328
49327
49326
49325
49324
49323
49322
49321
49313
49311
49310
49308
49307
49306
49305
49299
49298
49296
49295
49294
49293
49292
49291
49290
49289
49287
49286
49285
49284
49281
49280
49279
49278
49275
49274
49273
49272
49271
49270
49269
49268
49267
49266
49265
49264
49263
49262
49261
49260
49259
49258
49257
49256
49255
49254
49253
49252
49251
49249
49248
49247
49246
49242
49241
49240
49239
49238
49235
49234
49233
49232
49231
49230
49229
49228
49227
49226
49223
49222
49220
49218
49217
49216
49215
49214
49213
49212
49211
49210
49209
49205
49203
49201
49200
49199
49198
49196
49195
49194
49193
49192
49191
49190
49189
49188
49187
49186
49185
49184
49183
49182
49181
49180
49179
49178
49177
49175
49174
49173
49172
49171
49170
49169
49168
49164
49162
49161
49160
49159
49158
49157
49155
49154
49153
49152
49151
49150
49149
49148
49147
49146
49145
49144
49143
49142
49141
49140
49139
49138
49137
49135
49134
49133
49132
49130
49129
49128
49126
49124
49123
49122
49121
49120
49119
49118
49117
49114
49113
49112
49109
49108
49107
49106
49105
49103
49102
49100
49099
49098
49097
49096
49095
49094
49093
49092
49091
49090
49089
49087
49085
49084
49083
49082
49081
49079
49077
49076
49075
49074
49073
49072
49070
49069
49068
49067
49066
49065
49064
49063
49062
49061
49060
49059
49058
49056
49054
49053
49052
49051
49049
49048
49046
49045
49043
49038
49037
49036
49034
49033
49032
49031
49030
49029
49028
49027
49026
49025
49024
49023
49022
49020
49019
49017
49016
49015
49014
49013
49012
49011
49010
49008
49006
49005
49003
49002
49001
49000
48999
48998
48997
48996
48995
48994
48993
48992
48991
48989
48988
48987
48986
48985
48984
48983
48981
48980
48979
48978
48977
48976
48973
48971
48970
48969
48968
48966
48965
48964
48962
48961
48960
48959
48958
48957
48955
48948
48947
48946
48945
48944
48943
48942
48941
48940
48939
48938
48937
48936
48930
48929
48928
48925
48924
48914
48909
48907
48904
48903
48902
48897
48896
48895
48894
48893
48892
48891
48890
48889
48888
48887
48886
48885
48884
48883
48882
48881
48878
48874
48871
48863
48862
48861
48860
48859
48858
48857
48856
48855
48844
48843
48842
48841
48840
48839
48838
48835
48834
48833
48832
48828
48816
48815
48809
48808
48806
48805
48803
48802
48801
48800
48799
48798
48795
48794
48793
48792
48791
48773
48765
48763
48760
48759
48758
48757
48755
48754
48753
48750
48734
48733
48732
48726
48725
48723
48722
48721
48720
48719
48718
48717
48714
48710
48701
48691
48689
48688
48687
48686
48685
48684
48678
48677
48676
48675
48674
48673
48672
48671
48670
48669
48668
48667
48659
48657
48652
48651
48650
48630
48628
48580
48563
48547
48520
48519
48517
48516
48514
48512
48507
48504
48501
48497
48495
48490
48489
48479
48478
48476
48475
48474
48473
48472
48471
48470
48469
48464
48461
48457
48456
48455
48452
48449
48441
48439
48438
48430
48418
48415
48411
48410
48409
48408
48407
48406
48404
48400
48399
48398
48397
48396
48395
48394
48393
48392
48391
48390
48389
48388
48387
48386
48385
48384
48383
48382
48381
48380
48379
48378
48358
48357
48349
48348
48337
48317
48316
48270
48269
48263
48262
48253
48243
48237
48236
48235
48233
48231
48228
48226
48224
48223
48222
48221
48211
48210
48209
48208
48207
48206
48205
48204
48203
48188
48186
48174
48171
48170
48169
48168
48167
48166
48165
48164
48163
48162
48157
48156
48155
48152
48150
48139
48138
48137
48136
48131
48130
48129
48126
48125
48124
48122
48121
48120
48119
48118
48117
48116
48113
48110
48106
48105
48103
48100
48097
48096
48095
48094
48093
48092
48091
48089
48088
48087
48086
48083
48082
48070
48025
48024
48021
48020
48019
48018
48017
48014
48013
48011
48010
48009
48007
48005
48004
48003
48002
48001
48000
47999
47998
47997
47996
47995
47986
47981
47980
47979
47978
47977
47976
47973
47936
47935
47933
47926
47925
47919
47915
47914
47913
47911
47901
47900
47895
47894
47893
47892
47890
47889
47882
47881
47880
47879
47872
47871
47870
47869
47868
47866
47862
47861
47860
47859
47858
47857
47856
47855
47854
47853
47852
47851
47850
47849
47848
47847
47845
47844
47843
47842
47841
47840
47839
47838
47836
47835
47834
47833
47832
47831
47830
47829
47824
47818
47817
47816
47815
47814
47813
47812
47810
47809
47808
47805
47797
47796
47783
47781
47775
47774
47773
47770
47769
47768
47767
47765
47763
47762
47761
47760
47759
47758
47757
47755
47754
47753
47752
47751
47750
47748
47747
47746
47744
47743
47742
47741
47740
47739
47738
47737
47736
47734
47733
47732
47731
47729
47728
47724
47722
47721
47720
47719
47715
47714
47713
47712
47710
47709
47706
47705
47704
47702
47701
47700
47699
47698
47697
47696
47695
47694
47693
47692
47691
47690
47689
47688
47684
47682
47680
47679
47677
47676
47675
47674
47673
47672
47670
47669
47668
47667
47666
47665
47664
47661
47660
47659
47658
47657
47656
47652
47651
47650
47649
47643
47641
47639
47638
47637
47636
47635
47633
47632
47631
47630
47629
47628
47627
47626
47625
47624
47623
47622
47621
47619
47617
47616
47615
47614
47613
47612
47611
47610
47609
47607
47605
47604
47599
47598
47597
47596
47595
47593
47592
47585
47584
47578
47572
47571
47570
47569
47568
47567
47566
47565
47564
47563
47562
47561
47560
47559
47558
47557
47556
47555
47554
47553
47552
47551
47550
47549
47548
47547
47546
47541
47540
47537
47535
47534
47533
47532
47531
47530
47527
47526
47524
47523
47522
47521
47520
47515
47514
47513
47512
47511
47510
47509
47504
47503
47502
47501
47500
47499
47498
47497
47496
47495
47494
47493
47492
47490
47489
47488
47487
47486
47485
47484
47483
47482
47481
47480
47479
47478
47477
47476
47473
47472
47471
47470
47469
47468
47462
47459
47456
47455
47453
47451
47445
47444
47442
47440
47439
47438
47437
47436
47435
47434
47433
47432
47431
47430
47429
47428
47427
47426
47423
47420
47419
47418
47417
47416
47413
47412
47411
47410
47408
47407
47406
47405
47404
47403
47402
47400
47399
47398
47397
47396
47395
47394
47391
47387
47385
47384
47383
47382
47381
47380
47379
47378
47377
47376
47375
47374
47373
47371
47370
47369
47368
47367
47365
47363
47362
47361
47360
47359
47358
47356
47355
47354
47353
47351
47349
47348
47347
47346
47345
47341
47340
47339
47337
47336
47335
47334
47333
47332
47331
47330
47329
47328
47326
47325
47324
47323
47322
47321
47320
47319
47318
47317
47316
47315
47314
47313
47312
47311
47310
47309
47308
47307
47306
47305
47304
47303
47302
47301
47300
47299
47298
47297
47296
47295
47294
47293
47292
47291
47290
47289
47287
47285
47284
47283
47282
47280
47279
47278
47277
47276
47274
47273
47272
47271
47269
47268
47267
47266
47265
47264
47263
47260
47257
47255
47247
47246
47245
47244
47243
47242
47241
47240
47238
47237
47235
47233
47232
47231
47230
47229
47227
47226
47225
47224
47223
47222
47221
47220
47219
47218
47217
47216
47214
47213
47212
47211
47210
47209
47208
47206
47205
47204
47203
47202
47201
47200
47199
47198
47197
47193
47192
47191
47190
47188
47187
47186
47174
47164
47163
47162
47160
47158
47155
47154
47153
47151
47150
47146
47143
47142
47138
47137
47136
47134
47133
47132
47131
47130
47129
47128
47121
47120
47119
47118
47116
47115
47111
47109
47108
47107
47105
47104
47103
47102
47083
47082
47081
47080
47079
47078
47077
47076
47075
47074
47073
47072
47069
47063
47060
47059
47058
47057
47056
47054
47053
47052
47051
47050
47049
47048
47047
47046
47044
47043
47042
47041
47040
47039
47038
47036
47035
47034
47031
47030
47029
47028
47027
47025
47024
47023
47022
47021
47020
47019
47018
47017
47016
47015
47014
47013
47012
47009
47008
46991
46990
46989
46988
46987
46986
46984
46980
46979
46978
46976
46975
46971
46969
46968
46967
46966
46965
46964
46963
46962
46961
46960
46959
46958
46955
46954
46952
46950
46947
46945
46944
46942
46941
46940
46939
46938
46937
46936
46935
46933
46931
46930
46929
46928
46927
46926
46925
46919
46917
46916
46915
46914
46912
46911
46909
46907
46906
46905
46904
46903
46902
46901
46900
46895
46893
46892
46891
46890
46889
46886
46885
46884
46883
46882
46881
46878
46877
46874
46863
46862
46859
46858
46856
46854
46852
46850
46847
46846
46836
46835
46833
46820
46819
46818
46817
46816
46811
46810
46809
46808
46807
46806
46805
46803
46802
46801
46797
46796
46795
46794
46793
46792
46791
46790
46789
46788
46787
46786
46784
46783
46782
46781
46780
46779
46777
46776
46775
46774
46773
46772
46770
46769
46768
46767
46766
46765
46764
46757
46755
46752
46751
46750
46749
46748
46745
46743
46742
46741
46739
46738
46737
46735
46734
46733
46732
46731
46730
46728
46727
46726
46725
46720
46719
46708
46707
46706
46696
46695
46694
46693
46691
46689
46688
46685
46679
46678
46676
46675
46672
46664
46661
46660
46641
46561
46560
46559
46558
46557
46556
46554
46553
46552
46551
46550
46549
46548
46547
46546
46545
46544
46543
46542
46541
46539
46537
46536
46535
46533
46532
46528
46527
46526
46522
46521
46520
46519
46514
46511
46510
46507
46506
46505
46504
46503
46499
46494
46493
46492
46491
46490
46489
46486
46485
46483
46482
46481
46480
46479
46478
46477
46475
46474
46473
46472
46470
46468
46467
46465
46464
46463
46462
46461
46460
46459
46458
46457
46456
46455
46454
46453
46449
46448
46447
46446
46439
46438
46437
46436
46435
46434
46433
46432
46431
46429
46428
46427
46426
46424
46422
46421
46420
46419
46417
46416
46415
46410
46409
46408
46406
46405
46403
46402
46401
46399
46398
46396
46365
46362
46353
46352
46351
46347
46346
46345
46335
46334
46333
46332
46331
46309
46307
46300
46299
46298
46297
46296
46277
46276
46275
46269
46266
46247
46246
46245
46244
46243
46242
46241
46236
46234
46233
46224
46223
46222
46221
46220
46219
46213
46212
46209
46204
46203
46200
46199
46197
46196
45990
45988
45987
45986
45985
45983
45982
45981
45980
45979
45975
45973
45969
45968
45967
45961
45874
45873
45872
45871
45865
45864
45859
45857
45856
45854
45853
45847
45846
45845
45844
45843
45838
45835
45834
45833
45832
45831
45829
45828
45826
45824
45821
45820
45819
45817
45816
45815
45813
45812
45811
45810
45804
45801
45800
45799
45798
45797
45787
45786
45785
45784
45783
45782
45781
45780
45779
45778
45777
45773
45766
45762
45761
45756
45755
45754
45753
45752
45751
45750
45749
45747
45743
45741
45740
45739
45735
45734
45732
45731
45730
45729
45728
45727
45726
45725
45721
45719
45718
45717
45713
45712
45711
45710
45706
45704
45698
45696
45695
45691
45685
45684
45680
45679
45678
45677
45675
45674
45672
45671
45670
45669
45668
45666
45665
45664
45663
45661
45659
45658
45656
45655
45654
45652
45651
45646
45644
45642
45641
45637
45636
45633
45630
45627
45624
45623
45622
45621
45620
45619
45618
45617
45616
45614
45613
45612
45609
45608
45607
45606
45605
45604
45603
45602
45601
45600
45599
45598
45597
45596
45595
45594
45593
45592
45591
45590
45582
45581
45580
45579
45578
45577
45576
45575
45571
45570
45569
45568
45567
45566
45565
45564
45561
45560
45559
45558
45557
45556
45555
45554
45553
45552
45551
45550
45549
45548
45547
45546
45544
45543
45542
45541
45540
45536
45529
45528
45527
45525
45524
45510
45509
45502
45501
45500
45499
45498
45497
45496
45495
45493
45492
45491
45490
45488
45487
45486
45485
45484
45483
45482
45480
45478
45477
45476
45475
45474
45470
45469
45468
45467
45466
45465
45463
45456
45455
45454
45452
45451
45450
45449
45448
45441
45439
45438
45437
45436
45430
45411
45405
45404
45403
45402
45401
45397
45391
45390
45389
45388
45383
45379
45373
45372
45366
45365
45364
45361
45360
45358
45357
45356
45354
45353
45352
45351
45348
45347
45346
45345
45344
45343
45342
45341
45340
45339
45338
45337
45333
45332
45331
45330
45328
45327
45326
45325
45324
45323
45322
45320
45319
45318
45316
45314
45312
45311
45310
45308
45307
45306
45305
45304
45303
45302
45301
45300
45299
45298
45292
45291
45290
45289
45288
45287
45286
45285
45284
45283
45282
45281
45280
45279
45278
45277
45276
45275
45274
45273
45272
45271
45270
45269
45268
45267
45266
45265
45263
45262
45261
45260
45259
45258
45251
45250
45249
45248
45247
45246
45245
45244
45243
45242
45241
45239
45234
45232
45231
45227
45221
45220
45219
45218
45217
45216
45215
45214
45213
45209
45208
45205
45204
45201
45198
45197
45196
45195
45191
45187
45186
45185
45184
45183
45182
45181
45180
45179
45178
45177
45176
45175
45174
45173
45172
45171
45170
45169
45168
45167
45166
45165
45164
45163
45162
45161
45158
45157
45156
45155
45154
45153
45152
45151
45150
45149
45148
45147
45146
45144
45143
45142
45141
45124
45119
45118
45117
45114
45094
45092
45091
45090
45089
45088
45087
45080
45076
45060
45057
45045
45037
45001
45000
44995
44973
44970
44960
44959
44958
44957
44956
44950
44949
44948
44947
44946
44945
44944
44943
44942
44941
44940
44939
44938
44937
44936
44935
44934
44931
44930
44929
44928
44927
44926
44925
44924
44923
44922
44921
44920
44919
44918
44917
44916
44915
44914
44913
44912
44907
44889
44888
44882
44881
44879
44878
44876
44875
44872
44871
44870
44867
44866
44862
44861
44860
44858
44856
44850
44849
44844
44843
44842
44840
44839
44838
44837
44836
44799
44798
44797
44796
44795
44794
44793
44792
44791
44790
44787
44785
44774
44773
44757
44751
44749
44748
44747
44745
44743
44742
44741
44739
44738
44737
44736
44735
44734
44733
44726
44725
44722
44720
44719
44718
44717
44716
44715
44713
44712
44711
44709
44708
44707
44706
44705
44704
44703
44702
44700
44699
44698
44697
44689
44688
44687
44686
44685
44679
44678
44677
44676
44675
44663
44662
44647
44642
44636
44633
44624
44622
44621
44620
44619
44618
44617
44614
44613
44612
44611
44610
44599
44578
44577
44566
44565
44564
44563
44561
44560
44551
44545
44544
44543
44542
44541
44540
44539
44538
44518
44517
44516
44515
44514
44495
44494
44493
44492
44471
44470
44469
44464
44463
44462
44461
44442
44441
44440
44439
44438
44436
44433
44427
44420
44416
44408
44406
44405
44404
44403
44402
44401
44400
44399
44396
44386
44385
44384
44383
44382
44381
44380
44379
44378
44377
44376
44374
44372
44371
44370
44369
44368
44367
44366
44364
44363
44362
44361
44360
44359
44358
44357
44356
44355
44354
44353
44352
44351
44350
44349
44348
44347
44345
44344
44343
44340
44339
44338
44337
44336
44335
44334
44333
44332
44331
44330
44329
44328
44326
44325
44324
44323
44322
44321
44320
44319
44318
44317
44316
44310
44309
44289
44288
44287
44286
44283
44279
44274
44272
44271
44270
44269
44268
44266
44264
44261
44254
44253
44252
44251
44249
44245
44244
44243
44242
44241
44240
44239
44235
44234
44233
44230
44222
44218
44217
44216
44215
44212
44206
44205
44204
44199
44198
44197
44196
44195
44194
44192
44191
44189
44185
44184
44183
44180
44177
44176
44175
44174
44171
44170
44168
44166
44165
44164
44163
44162
44161
44154
44153
44152
44151
44147
44145
44144
44141
44139
44138
44136
44133
44132
44131
44130
44128
44124
44123
44120
44118
44117
44116
44115
44114
44113
44111
44107
44104
44103
44101
44100
44097
44095
44094
44090
44087
44086
44085
44084
44083
44081
44076
44075
44071
44066
44065
44064
44063
44062
44061
44058
44057
44054
44053
44052
44051
44050
44049
44048
44043
44042
44041
44039
44038
44037
44036
44034
44033
44032
44031
44030
44029
44028
44027
44026
44025
44023
44021
44020
44019
44018
44017
44013
44012
44011
44010
44007
44006
44005
44001
43999
43997
43996
43995
43988
43987
43986
43985
43984
43983
43982
43981
43976
43968
43967
43966
43949
43935
43934
43933
43931
43928
43921
43920
43919
43918
43917
43913
43912
43911
43910
43909
43908
43907
43906
43905
43904
43898
43897
43896
43894
43893
43888
43887
43886
43885
43884
43883
43882
43879
43878
43877
43875
43874
43871
43870
43869
43868
43867
43866
43865
43864
43863
43862
43861
43860
43858
43856
43855
43852
43851
43850
43849
43843
43835
43834
43833
43832
43829
43828
43825
43824
43822
43821
43820
43819
43818
43817
43816
43808
43805
43804
43797
43795
43794
43793
43790
43789
43788
43786
43785
43784
43783
43782
43781
43771
43770
43768
43767
43766
43765
43764
43712
43711
43710
43709
43707
43706
43705
43704
43703
43695
43694
43686
43685
43682
43681
43677
43676
43675
43674
43673
43672
43671
43670
43668
43665
43653
43628
43626
43625
43624
43623
43617
43616
43614
43613
43612
43611
43610
43609
43607
43600
43599
43596
43595
43593
43592
43590
43588
43587
43583
43580
43579
43578
43577
43576
43575
43574
43573
43569
43565
43561
43559
43554
43552
43551
43550
43549
43548
43547
43546
43545
43544
43543
43542
43541
43540
43539
43538
43537
43536
43535
43534
43533
43532
43531
43530
43529
43528
43527
43526
43525
43524
43523
43522
43521
43520
43519
43518
43515
43509
43502
43501
43500
43496
43495
43494
43493
43488
43487
43486
43478
43476
43475
43472
43466
43465
43464
43463
43462
43461
43460
43458
43457
43456
43455
43453
43452
43450
43449
43448
43447
43445
43444
43441
43440
43439
43433
43432
43431
43430
43429
43428
43426
43425
43419
43418
43413
43412
43408
43407
43392
43391
43390
43385
43384
43382
43373
43372
43371
43370
43369
43368
43366
43359
43358
43352
43351
43350
43349
43348
43346
43345
43344
43343
43342
43339
43338
43337
43336
43319
43315
43314
43313
43311
43309
43308
43307
43299
43298
43289
43280
43273
43272
43267
43266
43265
43218
43203
43200
43197
43194
43193
43191
43187
43181
43179
43178
43177
43175
43171
43169
43163
43162
43158
43157
43155
43136
43135
43134
43133
43132
43131
43130
43129
43128
43127
43126
43125
43124
43123
43122
43120
43119
43118
43089
43088
43083
43082
43076
43075
43074
43073
43072
43071
43070
43069
43068
43067
43062
43055
43054
43047
43046
43045
43044
43043
43028
43022
43019
43018
43017
43015
43010
43004
42999
42997
42992
42987
42986
42977
42973
42971
42970
42969
42966
42964
42963
42962
42960
42949
42947
42946
42943
42942
42940
42938
42929
42928
42927
42926
42925
42924
42923
42921
42920
42919
42917
42916
42885
42863
42862
42841
42837
42814
42808
42807
42798
42781
42779
42778
42777
42773
42765
42764
42763
42753
42752
42751
42750
42749
42748
42747
42746
42744
42742
42741
42739
42730
42729
42728
42727
42726
42725
42722
42713
42711
42707
42701
42699
42697
42695
42693
42692
42691
42687
42686
42685
42684
42683
42682
42681
42679
42677
42676
42675
42674
42668
42666
42665
42662
42661
42660
42659
42658
42657
42656
42655
42654
42653
42652
42641
42639
42638
42637
42636
42635
42634
42633
42632
42631
42630
42629
42628
42627
42626
42625
42622
42621
42620
42619
42618
42617
42616
42615
42614
42613
42612
42611
42607
42606
42605
42604
42603
42601
42600
42597
42595
42590
42589
42588
42587
42585
42584
42581
42580
42579
42575
42574
42573
42572
42571
42570
42569
42568
42567
42566
42565
42564
42563
42562
42561
42560
42558
42554
42553
42552
42551
42550
42549
42547
42546
42545
42543
42542
42541
42540
42539
42538
42537
42536
42535
42533
42531
42526
42522
42521
42520
42519
42516
42513
42512
42510
42508
42507
42498
42495
42494
42493
42492
42491
42490
42489
42488
42487
42486
42485
42482
42481
42480
42479
42478
42477
42476
42471
42470
42469
42464
42463
42460
42459
42458
42455
42449
42448
42447
42446
42438
42437
42413
42412
42411
42410
42409
42408
42407
42406
42405
42404
42403
42402
42401
42400
42399
42398
42397
42396
42395
42394
42393
42392
42391
42390
42389
42388
42387
42386
42385
42384
42383
42382
42381
42380
42379
42378
42377
42376
42375
42374
42373
42372
42371
42370
42369
42368
42367
42366
42365
42364
42363
42362
42361
42360
42359
42358
42357
42356
42352
42346
42342
42341
42340
42339
42338
42336
42335
42334
42333
42332
42330
42318
42317
42314
42313
42312
42311
42309
42308
42307
42305
42304
42303
42302
42271
42268
42260
42246
42243
42242
42241
42239
42238
42237
42236
42235
42234
42233
42232
42231
42230
42229
42228
42226
42225
42224
42223
42216
42214
42212
42211
42210
42209
42208
42207
42204
42203
42202
42201
42200
42198
42197
42189
42188
42187
42179
42175
42169
42167
42166
42165
42164
42163
42162
42159
42158
42157
42155
42154
42146
42145
42118
42112
42110
42109
42105
42104
42103
42102
42101
42100
42095
42094
42093
42092
42091
42090
42085
42082
42081
42064
42063
42059
42057
42056
42053
42052
42049
42048
42047
42046
42045
42044
42042
42026
42019
42018
42017
42016
42015
42014
42010
42007
41983
41982
41981
41976
41975
41972
41971
41970
41969
41968
41967
41965
41964
41963
41962
41960
41959
41952
41934
41929
41928
41924
41917
41906
41898
41888
41887
41885
41884
41883
41882
41880
41877
41875
41874
41871
41870
41866
41865
41859
41858
41855
41847
41846
41822
41817
41816
41815
41814
41813
41812
41811
41810
41731
41730
41725
41724
41723
41718
41717
41716
41667
41628
41610
41589
41544
41526
41521
41472
41469
41464
41463
41462
41460
41458
41457
41455
41449
41448
41447
41446
41445
41444
41443
41442
41441
41428
41421
41420
41419
41417
41416
41412
41405
41404
41394
41393
41324
41317
41316
41311
41310
41258
41248
41247
41245
41242
41241
41240
41237
41236
41233
41232
41231
41230
41229
41228
41222
41219
41207
41206
41205
41204
41203
41202
41201
41200
41199
41198
41196
41195
41194
41191
41183
41182
41181
41180
41179
41178
41177
41176
41175
41174
41173
41172
41171
41170
41169
41168
41167
41141
41139
41138
41137
41135
41134
41133
41131
41130
41129
41128
41127
41126
41105
41096
41095
41094
41093
41092
41091
41090
41089
41088
41081
41061
41060
41059
41021
41008
40979
40951
40950
40949
40941
40938
40934
40921
40920
40860
40857
40856
40855
40854
40851
40849
40848
40835
40820
40801
40789
40784
40779
40758
40757
40752
40751
40749
40746
40742
40736
40732
40731
40721
40710
40706
40686
40684
40682
40681
40680
40679
40678
40677
40676
40646
40642
40641
40637
40635
40632
40631
40629
40628
40605
40604
40603
40602
40601
40600
40599
40598
40578
40575
40574
40573
40572
40571
40570
40569
40568
40567
40566
40565
40560
40547
40546
40538
40503
40502
40501
40500
40485
40468
40466
40465
40464
40463
40454
40453
40449
40448
40425
40422
40421
40398
40385
40383
40382
40376
40361
40360
40359
40357
40350
40348
40346
40345
40344
40340
40339
40338
40337
40325
40323
40321
40318
40316
40308
40300
40283
40282
40281
40276
40275
40274
40273
40272
40271
40270
40269
40268
40267
40255
40254
40238
40227
40226
40225
40224
40223
40221
40220
40219
40197
40196
40190
40188
40187
40186
40185
40184
40183
40182
40181
40170
40162
40161
40160
40159
40158
40157
40156
40091
40068
40059
40050
40023
40017
40016
40015
40011
40007
40006
40005
40004
40003
39996
39990
39981
39972
39970
39965
39962
39961
39958
39954
39952
39947
39945
39923
39922
39918
39915
39901
39876
39875
39874
39873
39868
39867
39864
39863
39861
39848
39837
39836
39827
39821
39819
39818
39815
39813
39763
39761
39759
39752
39750
39704
39694
